,
Undergoing major changes - some stats and scores may be completely false for the time being,
,
,
,
,
,
,
,
,"for more info, read here"
,https://discord.gg/ttwgXcp6T3
,
,
,
,
,^ (now working)